[gd_scene load_steps=8 format=3 uid="uid://2s8w1f15tt1u"]

[ext_resource type="Script" uid="uid://dllgjp122y6fb" path="res://scripts/MapGenerator.gd" id="1_27wmn"]
[ext_resource type="Script" uid="uid://dt3f1uvaen1xd" path="res://TrackPath.gd" id="2_47ek5"]

[sub_resource type="ProceduralSkyMaterial" id="ProceduralSkyMaterial_47ek5"]
sky_top_color = Color(0, 0.145098, 0.27451, 1)
sky_horizon_color = Color(0.231373, 0.278431, 0.352941, 1)
ground_bottom_color = Color(0.763979, 0.701734, 0.630413, 1)
ground_horizon_color = Color(0.231373, 0.278431, 0.352941, 1)

[sub_resource type="Sky" id="Sky_47ek5"]
sky_material = SubResource("ProceduralSkyMaterial_47ek5")

[sub_resource type="Environment" id="Environment_r1kn3"]
background_mode = 2
sky = SubResource("Sky_47ek5")
glow_enabled = true

[sub_resource type="ViewportTexture" id="ViewportTexture_47ek5"]
viewport_path = NodePath("Minimap")

[sub_resource type="Curve3D" id="Curve3D_47ek5"]
_data = {
"points": PackedVector3Array(0, 0, 0, 0, 0, 0, 123.123, 0, 0, 0, 0, 0, 0, 0, 0, 99.8589, 0, 30.8024, 0, 0, 0, 0, 0, 0, 88.4689, 0, 60.3171, 0, 0, 0, 0, 0, 0, 71.8038, 1.51439, 90.0391, 0, 0, 0, 0, 0, 0, 45.622, 4.17692, 116.243, 0, 0, 0, 0, 0, 0, 7.90734, 6.39727, 105.516, 0, 0, 0, 0, 0, 0, -24.4537, 4.82705, 107.138, 0, 0, 0, 0, 0, 0, -60.8814, 3.31304, 105.45, 0, 0, 0, 0, 0, 0, -84.8461, 3.80235, 78.7257, 0, 0, 0, 0, 0, 0, -90.7468, 6.85154, 43.7014, 0, 0, 0, 0, 0, 0, -105.868, 3.10429, 15.957, 0, 0, 0, 0, 0, 0, -102.809, 5.52393, -15.4959, 0, 0, 0, 0, 0, 0, -108.187, 5.49212, -52.1, 0, 0, 0, 0, 0, 0, -82.7761, 5.15389, -76.805, 0, 0, 0, 0, 0, 0, -60.6824, 0.0351729, -105.105, 0, 0, 0, 0, 0, 0, -22.382, 1.3417, -98.0619, 0, 0, 0, 0, 0, 0, 8.88309, 2.78994, -118.537, 0, 0, 0, 0, 0, 0, 40.8227, 7.23001, -104.015, 0, 0, 0, 0, 0, 0, 76.0046, 3.78934, -95.3068, 0, 0, 0, 0, 0, 0, 89.6052, 7.61926, -61.0918, 0, 0, 0, 0, 0, 0, 110.034, 0.422812, -33.9409, 0, 0, 0, 0, 0, 0, 123.123, 0, 0),
"tilts": PackedFloat32Array(0, 0, 0, 0, 0, 0, 0, 0, 0, 0, 0, 0, 0, 0, 0, 0, 0, 0, 0, 0, 0, 0)
}
point_count = 22

[node name="mapeditortest" type="Node3D"]

[node name="map" type="Node3D" parent="." node_paths=PackedStringArray("car", "Minimap", "Path3D_Result", "SkyHolder")]
transform = Transform3D(1, 1.49012e-08, 0, 0, 1, 0, 0, 0, 1, 0, 0, -3.8147e-06)
script = ExtResource("1_27wmn")
point_count = 21
map_radius = 114
noise_strength = 0.12
point_spacing = 2
trackwidth = 15
car = NodePath("")
seed = 80
spawnangle = 1.555
height = 8.0
Minimap = NodePath("../Minimap")
Path3D_Result = NodePath("../Path3D")
Randomize = null
SkyHolder = NodePath("../WorldEnvironment")

[node name="Camera3D" type="Camera3D" parent="."]
transform = Transform3D(0.837262, -0.183856, 0.514965, 0, 0.941777, 0.336239, -0.546802, -0.28152, 0.788514, 38.7796, 27.0695, 58.6897)

[node name="WorldEnvironment" type="WorldEnvironment" parent="."]
environment = SubResource("Environment_r1kn3")

[node name="Minimap" type="SubViewport" parent="."]
own_world_3d = true
transparent_bg = true

[node name="Node3D" type="Node3D" parent="Minimap"]

[node name="WorldEnvironment" type="WorldEnvironment" parent="Minimap"]
environment = SubResource("Environment_r1kn3")

[node name="Camera3D2" type="Camera3D" parent="Minimap"]
transform = Transform3D(1, 0, 0, 0, -4.37114e-08, 1, 0, -1, -4.37114e-08, 0, 129.194, 0)
projection = 1
size = 300.0

[node name="TextureRect" type="TextureRect" parent="."]
offset_left = -256.0
offset_top = -256.0
offset_right = 256.0
offset_bottom = 256.0
texture = SubResource("ViewportTexture_47ek5")
metadata/_edit_use_anchors_ = true

[node name="Marker2D" type="Marker2D" parent="."]
position = Vector2(-86, -148)

[node name="Marker3D" type="Marker3D" parent="."]
transform = Transform3D(1, 0, 0, 0, 1, 0, 0, 0, 1, -50.2789, 0, -87.097)

[node name="Path3D" type="Path3D" parent="."]
curve = SubResource("Curve3D_47ek5")
script = ExtResource("2_47ek5")

[node name="PathFollow3D" type="PathFollow3D" parent="Path3D"]
transform = Transform3D(-0.797971, 0, 0.602691, 0, 1, 0, -0.602691, 0, -0.797971, 123.123, 0, 0)

[node name="1" type="Camera3D" parent="."]
transform = Transform3D(0.652794, 0.264729, -0.709774, 0, 0.936951, 0.349461, 0.757536, -0.228126, 0.611636, -171.667, 70.947, 136.595)

[node name="2" type="Camera3D" parent="."]
transform = Transform3D(0.990872, 0.0387473, -0.129116, 0, 0.957801, 0.287433, 0.134804, -0.28481, 0.949058, -34.2322, 70.947, 203.659)

[node name="3" type="Camera3D" parent="."]
transform = Transform3D(-0.562841, -0.146434, 0.813491, 0, 0.984182, 0.177159, -0.826565, 0.0997126, -0.553938, 149.218, 6.97767, -1.22783)

[node name="4" type="Camera3D" parent="."]
transform = Transform3D(-0.203975, -0.173435, 0.963491, 6.15839e-09, 0.984182, 0.177159, -0.978976, 0.036136, -0.200748, 151.328, 6.97767, 8.92978)
